100.0	0.00024190609220831104	0.0003540537549289445
200.0	0.0001705853042422667	0.000294179799410398
300.0	0.00013992993759662058	0.0002669794237699235
400.0	0.00012213329449044816	0.00025068321052648397
500.0	0.00011028187720694643	0.0002395481307996524
600.0	0.00010170589709884932	0.00023125062772396483
700.0	9.513465521023038e-5	0.00022464935393044276
800.0	8.988427592137956e-5	0.00021912366587059097
900.0	8.555276565220877e-5	0.0002143137944231021
1000.0	8.188669284999962e-5	0.00021000087467796003
1100.0	7.871710551243975e-5	0.00020604619584706796
1200.0	7.592642539139819e-5	0.00020235859243601241
1300.0	7.343027538053689e-5	0.00019887617391546586
1400.0	7.116645733477399e-5	0.00019555570976839725
1500.0	6.908840295171053e-5	0.00019236625071240244
1600.0	6.716078016354955e-5	0.0001892851679115089
1700.0	6.535648776892435e-5	0.00018629561367610625
1800.0	6.365455355020976e-5	0.00018338484290859815
1900.0	6.203898229378564e-5	0.00018054307172543396
2000.0	6.049785214037539e-5	0.00017776268171892012
2100.0	5.902012874185338e-5	0.0001750376534093891
2200.0	5.75977029781216e-5	0.00017236315607086267
2300.0	5.622406695756942e-5	0.0001697352470514516
2400.0	5.4893964916955925e-5	0.0001671506495103549
2500.0	5.360312626096924e-5	0.00016460658737325968
2600.0	5.234806005131101e-5	0.0001621006626579393
2700.0	5.112589578496712e-5	0.0001596307645182586
2800.0	4.993425926618246e-5	0.00015719500220603858
2900.0	4.8771175248138075e-5	0.00015479165613833788
3000.0	4.7634990617651864e-5	0.00015241914267840798
3100.0	4.6524729407034735e-5	0.00015007598927547588
3200.0	4.543917840569083e-5	0.00014776081738037495
3300.0	4.437723212322241e-5	0.00014547233113758256
3400.0	4.333802209240006e-5	0.00014320931030198427
3500.0	4.2320944184086176e-5	0.00014097060617587656
3600.0	4.1324916913305095e-5	0.00013875513963364239
3700.0	4.034931408299571e-5	0.00013656190051593292
3800.0	3.9393619954865975e-5	0.00013438994784511956
3900.0	3.845737480663276e-5	0.00013223841044871214
4000.0	3.7540165101548416e-5	0.00013010648768503917
4100.0	3.664161530206535e-5	0.00012799345005066543
4200.0	3.576138104263455e-5	0.000125898639516707
4300.0	3.489914343126995e-5	0.00012382146949440893
4400.0	3.405460429249023e-5	0.00012176142437188044
4500.0	3.322748219836545e-5	0.00011971805859594466
4600.0	3.2417509161402633e-5	0.0001176909952973945
4700.0	3.162442788488535e-5	0.0001156799244760764
4800.0	3.084798948360805e-5	0.00011368460077519011
4900.0	3.0087951602406647e-5	0.00011170484088324471
5000.0	2.934407687136874e-5	0.00010974052060776693
5100.0	2.861613164625823e-5	0.0001077915716681102
5200.0	2.79038849905614e-5	0.00010585797825585932
5300.0	2.7207107862167022e-5	0.00010393977341097476
5400.0	2.6525572473140664e-5	0.00010203703526040173
5500.0	2.585905179579976e-5	0.00010014988316342757
5600.0	2.5207319192026493e-5	9.82784738053236e-5
5700.0	2.4570148146178105e-5	9.642299727733038e-5
5800.0	2.394731208478277e-5	9.458367317772884e-5
5900.0	2.3338584268502695e-5	9.27607467649511e-5
6000.0	2.2743737743995098e-5	9.095448519024177e-5
6100.0	2.2162545345065146e-5	8.916517383368203e-5
6200.0	2.159477973392975e-5	8.739311276417328e-5
6300.0	2.104036263209535e-5	8.56386133405559e-5
6400.0	2.0499129545644243e-5	8.390199496817132e-5
6500.0	1.9970787607924633e-5	8.21835820221979e-5
6600.0	1.9455117615381873e-5	8.04837009466192e-5
6700.0	1.8951973298243967e-5	7.880267753520576e-5
6800.0	1.846111632713423e-5	7.714083439876705e-5
6900.0	1.7982086077096048e-5	7.549848862100238e-5
7000.0	1.751465740016647e-5	7.387594960348892e-5
7100.0	1.7058606184496145e-5	7.227351709886734e-5
7200.0	1.6613709516663048e-5	7.069147942989321e-5
7300.0	1.6179745840423705e-5	6.913011189083356e-5
7400.0	1.575649511065404e-5	6.758967532672982e-5
7500.0	1.5343738941536936e-5	6.607041488512801e-5
7600.0	1.4941260748355948e-5	6.457255893418601e-5
7700.0	1.4548845882199236e-5	6.30963181404708e-5
7800.0	1.4166281757297626e-5	6.164188469928096e-5
7900.0	1.3793357970627516e-5	6.0209431709942635e-5
8000.0	1.3429866413674959e-5	5.879911268831701e-5
8100.0	1.3075601376211508e-5	5.741106120846609e-5
8200.0	1.2730359642121981e-5	5.604539066545169e-5
8300.0	1.2393940577328415e-5	5.4702194151060916e-5
8400.0	1.2066194628021864e-5	5.33815444344224e-5
8500.0	1.1747357012107463e-5	5.208349403943304e-5
8600.0	1.1437244208090335e-5	5.080807541111544e-5
8700.0	1.1135458088764301e-5	4.955530116318929e-5
8800.0	1.0841501210566696e-5	4.832516439930356e-5
8900.0	1.0555189854821588e-5	4.711763910066209e-5
9000.0	1.0276343339603853e-5	4.5932680573004494e-5
9100.0	1.0004784048072966e-5	4.477022594617805e-5
9200.0	9.74033745100962e-6	4.363019471987143e-5
9300.0	9.482832123759983e-6	4.2512489349334155e-5
9400.0	9.232099757994287e-6	4.141699586527768e-5
9500.0	8.987975168438228e-6	4.034358452243924e-5
9600.0	8.750296294961278e-6	3.929211047161932e-5
9700.0	8.51900002447023e-6	3.8262414450351975e-5
9800.0	8.294578056662967e-6	3.725432348768616e-5
9900.0	8.076592657703761e-6	3.626765161883334e-5
10000.0	7.864397536973309e-6	3.530220060581968e-5
10100.0	7.657846714334161e-6	3.435776066053939e-5
10200.0	7.456797282779142e-6	3.343411116692893e-5
10300.0	7.261109382791726e-6	3.253102139923442e-5
10400.0	7.07064617422678e-6	3.1648251233708756e-5
10500.0	6.885273805922769e-6	3.0785551851218555e-5
10600.0	6.704861383211137e-6	2.9942666428613153e-5
10700.0	6.5296317759641555e-6	2.91193308168826e-5
10800.0	6.359982953206697e-6	2.8315274204388957e-5
10900.0	6.194918442735665e-6	2.7530219763670294e-5
11000.0	6.034279676485453e-6	2.676388528050708e-5
11100.0	5.877950831138777e-6	2.6015983764179535e-5
11200.0	5.725818809685027e-6	2.528622403796788e-5
11300.0	5.577773197912218e-6	2.457431130914578e-5
11400.0	5.433706220191023e-6	2.3879947717890977e-5
11500.0	5.294136505407714e-6	2.3202832864640795e-5
11600.0	5.158909407577373e-6	2.254266431558083e-5
11700.0	5.027313198708209e-6	2.1899138086087884e-5
11800.0	4.899251160244971e-6	2.1271949102009685e-5
11900.0	4.774628973110569e-6	2.066079163883702e-5
12000.0	4.653354670865147e-6	2.0065359738848612e-5
12100.0	4.5353841927998965e-6	1.9485347606436464e-5
12200.0	4.4215727749586e-6	1.892044998187122e-5
12300.0	4.31093552266049e-6	1.8370362493838476e-5
12400.0	4.203262537501199e-6	1.783478199113496e-5
12500.0	4.0984739104509055e-6	1.7313406853967317e-5
12600.0	3.9964917900105784e-6	1.680593728532483e-5
12700.0	3.897454814681438e-6	1.63120755829608e-5
12800.0	3.8019579392355444e-6	1.5831526392504717e-5
12900.0	3.7090081282708483e-6	1.5363996942325173e-5
13000.0	3.6185363257312326e-6	1.4909197260688726e-5
13100.0	3.5304752905750298e-6	1.4466840375871944e-5
13200.0	3.4448702249697983e-6	1.403664249981224e-5
13300.0	3.362481711649063e-6	1.3618323195963037e-5
13400.0	3.282282099443361e-6	1.3211605531954503e-5
13500.0	3.204206128913661e-6	1.2816216217739436e-5
13600.0	3.1281959906833002e-6	1.2431885729805294e-5
13700.0	3.054723786450883e-6	1.2058348422143498e-5
13800.0	2.983668383071846e-6	1.1695342624548986e-5
13900.0	2.91447986739652e-6	1.1342610728892935e-5
14000.0	2.847107364743116e-6	1.0999899263978065e-5
14100.0	2.7818566970995704e-6	1.0666958959545477e-5
14200.0	2.718922116452309e-6	1.0343544800045308e-5
14300.0	2.6576256095023937e-6	1.0029416068706911e-5
14400.0	2.5979225436745523e-6	9.724336382491171e-6
14500.0	2.5402944086594068e-6	9.428073718432182e-6
14600.0	2.4845556567886478e-6	9.14040043190365e-6
14700.0	2.4302517047727735e-6	8.861093267311977e-6
14800.0	2.3774048572559844e-6	8.589933361692e-6
14900.0	2.3267362180901455e-6	8.326706241679116e-6
15000.0	2.277360123740888e-6	8.071201814308188e-6
15100.0	2.2292387725893183e-6	7.823214352063956e-6
15200.0	2.1830446703813407e-6	7.582542472602728e-6
15300.0	2.138157006403452e-6	7.348989113544152e-6
15400.0	2.0943955096834344e-6	7.122361502701564e-6
15500.0	2.0524013385903744e-6	6.902471124126022e-6
15600.0	2.0115935814083875e-6	6.689133680289622e-6
15700.0	1.971826308077947e-6	6.482169050770563e-6
15800.0	1.933772747906231e-6	6.281401247703457e-6
15900.0	1.896666195712947e-6	6.086658368342884e-6
16000.0	1.8607585877705504e-6	5.897772544975213e-6
16100.0	1.8261739754878784e-6	5.714579892483011e-6
16200.0	1.7924251165831572e-6	5.536920453777929e-6
16300.0	1.7601371817147378e-6	5.364638143378947e-6
16400.0	1.7286702193200899e-6	5.1975806893113165e-6
16500.0	1.6983648253001935e-6	5.035599573592251e-6
16600.0	1.6690325903675624e-6	4.8785499714550135e-6
16700.0	1.6406582249134517e-6	4.726290689513987e-6
16800.0	1.6133130622489824e-6	4.57868410306331e-6
16900.0	1.5868129717994368e-6	4.435596092633957e-6
17000.0	1.5613135120562645e-6	4.29689598000863e-6
17100.0	1.5366207609341574e-6	4.16245646378719e-6
17200.0	1.5128320674197846e-6	4.032153554679679e-6
17300.0	1.4898710878074979e-6	3.905866510619757e-6
17400.0	1.4676657022073116e-6	3.7835244923192007e-6
17500.0	1.4463528110829271e-6	3.6684485172421646e-6
17600.0	1.425678255032706e-6	3.560331223344743e-6
17700.0	1.4058555821509834e-6	3.457651182240612e-6
17800.0	1.3866957154782816e-6	3.359672726907524e-6
17900.0	1.3682129735788587e-6	3.2662609258137873e-6
18000.0	1.3504510880256247e-6	3.1767411172026217e-6
18100.0	1.3333033995456213e-6	3.091165376141961e-6
18200.0	1.316783852230198e-6	3.0093932906945826e-6
18300.0	1.3008798810300704e-6	2.9308561178299277e-6
18400.0	1.2855441556009e-6	2.855711519189426e-6
18500.0	1.2707608513517988e-6	2.783775733970247e-6
18600.0	1.2565227567164939e-6	2.7146456163216037e-6
18700.0	1.2427803240627634e-6	2.64836086055471e-6
18800.0	1.2295040860148602e-6	2.585045691889842e-6
18900.0	1.2166746860166872e-6	2.5244233540954133e-6
19000.0	1.204285614268481e-6	2.466183057688131e-6
19100.0	1.1922766696762459e-6	2.410268670891679e-6
19200.0	1.1806349014485326e-6	2.356665933767554e-6
19300.0	1.1693458733229299e-6	2.3054613767441734e-6
19400.0	1.1584148926336226e-6	2.256466582613826e-6
19500.0	1.147822054343601e-6	2.2094117221370562e-6
19600.0	1.1375304232990404e-6	2.1642135168034547e-6
19700.0	1.1275215182521184e-6	2.120810810039353e-6
19800.0	1.117779183229567e-6	2.0790829894592745e-6
19900.0	1.1082903301555107e-6	2.038945104296473e-6
20000.0	1.0990430483960773e-6	2.0004797940065585e-6
20100.0	1.0900267927842156e-6	1.9634681482707198e-6
20200.0	1.0812324806126297e-6	1.9278375476915947e-6
20300.0	1.0726527716751744e-6	1.893497998283182e-6
20400.0	1.0642821274374436e-6	1.8603778753718838e-6
20500.0	1.0561168634206721e-6	1.828418683034694e-6
20600.0	1.0481567397995719e-6	1.7975293665987906e-6
20700.0	1.040414994150644e-6	1.7676878691513247e-6
20800.0	1.0329310312243787e-6	1.738903446818557e-6
20900.0	1.0258330010180741e-6	1.7111063536248897e-6
21000.0	1.0188190038293135e-6	1.6842414019950162e-6
21100.0	1.0118360598402027e-6	1.6582370777245558e-6
21200.0	1.0048845318411162e-6	1.6330506240119179e-6
21300.0	9.979647638866809e-7	1.608599580186361e-6
21400.0	9.910770818346196e-7	1.584861530720962e-6
21500.0	9.84221793945627e-7	1.5618199111670018e-6
21600.0	9.773991914037659e-7	1.5394763595765278e-6
21700.0	9.706095488405036e-7	1.517779735292391e-6
21800.0	9.638531248564668e-7	1.4967054177459689e-6
21900.0	9.571301625275275e-7	1.476241089573527e-6
22000.0	9.504408898606664e-7	1.4564214010060268e-6
22100.0	9.437855202862913e-7	1.4373261240983684e-6
22200.0	9.371642531073052e-7	1.418849853487075e-6
22300.0	9.305772739339488e-7	1.4007256322634897e-6
22400.0	9.240247551341345e-7	1.382954578730623e-6
22500.0	9.175068562283739e-7	1.365522193099365e-6
22600.0	9.110237243070793e-7	1.3483984753949822e-6
22700.0	9.045754944245552e-7	1.3315769075267049e-6
22800.0	8.981622899792307e-7	1.315051105111017e-6
22900.0	8.917842230943314e-7	1.298814815456568e-6
23000.0	8.854413949566078e-7	1.2828619155335948e-6
23100.0	8.791338962082617e-7	1.267186409937041e-6
23200.0	8.728618072405923e-7	1.2517824288454626e-6
23300.0	8.66625198566812e-7	1.236644225966278e-6
23400.0	8.604241311147715e-7	1.2217661765012322e-6
23500.0	8.542586565608332e-7	1.207142775088383e-6
23600.0	8.481288176161353e-7	1.192768633768557e-6
23700.0	8.420346483463592e-7	1.1786384799427616e-6
23800.0	8.359761744313141e-7	1.1647471543484448e-6
23900.0	8.299534134601024e-7	1.1510896090399422e-6
24000.0	8.239663752064023e-7	1.13766090537932e-6
24100.0	8.180150618781833e-7	1.1244562120406124e-6
24200.0	8.120994683841227e-7	1.1114708030376239e-6
24300.0	8.062195825779368e-7	1.098700055744957e-6
24400.0	8.003753855054993e-7	1.0861394489575e-6
24500.0	7.945668516262213e-7	1.0737845609582593e-6
24600.0	7.887939490655462e-7	1.0616310676064577e-6
24700.0	7.830566398033021e-7	1.0496747404429e-6
24800.0	7.773548799277441e-7	1.0379114448133122e-6
24900.0	7.716886198089344e-7	1.0263371380271398e-6
25000.0	7.66057804321325e-7	1.0149492667666235e-6
25100.0	7.604623730479508e-7	1.0037435894489898e-6
25200.0	7.549022604475197e-7	9.927155569274963e-7
25300.0	7.493773960692487e-7	9.818615252897108e-7
25400.0	7.438877047109293e-7	9.711774027684134e-7
25500.0	7.384331066018203e-7	9.606594836391273e-7
25600.0	7.330135175905571e-7	9.503048479018479e-7
25700.0	7.276288492765628e-7	9.40109489932778e-7
25800.0	7.222790092050026e-7	9.300701408291339e-7
25900.0	7.16963901005683e-7	9.201836053265215e-7
26000.0	7.116834245460474e-7	9.104467602494602e-7
26100.0	7.064374760815391e-7	9.008566631313955e-7
26200.0	7.012259483943486e-7	8.914102249259129e-7
26300.0	6.960487309548253e-7	8.821044526765029e-7
26400.0	6.909057100073276e-7	8.729365008945063e-7
26500.0	6.857967687653176e-7	8.639035886067806e-7
26600.0	6.80721787482528e-7	8.550029979638459e-7
26700.0	6.756806436095623e-7	8.462322751441696e-7
26800.0	6.706732119088327e-7	8.375886777736657e-7
26900.0	6.656993645488605e-7	8.290696626382788e-7
27000.0	6.607589712564906e-7	8.206727475805073e-7
27100.0	6.558518993931484e-7	8.12395507083219e-7
27200.0	6.509780140714582e-7	8.04235622081214e-7
27300.0	6.46137178271924e-7	7.961911619965187e-7
27400.0	6.413292529167199e-7	7.882594600713954e-7
27500.0	6.365540969940966e-7	7.804383891072463e-7
27600.0	6.318115676374721e-7	7.727261978621341e-7
27700.0	6.271015202142475e-7	7.651204511825485e-7
27800.0	6.224238084288155e-7	7.576194822015318e-7
27900.0	6.177782843965365e-7	7.502217516159421e-7
28000.0	6.131647987345746e-7	7.42924453812266e-7
28100.0	6.085832006336594e-7	7.35725502459069e-7
28200.0	6.040333379508767e-7	7.286230084379412e-7
28300.0	5.995150572666689e-7	7.216151260639236e-7
28400.0	5.950282039814897e-7	7.147000520670345e-7
28500.0	5.9057262236986e-7	7.078760246119359e-7
28600.0	5.861481556564346e-7	7.011413223179115e-7
28700.0	5.817546460791889e-7	6.944942633165709e-7
28800.0	5.773919349714795e-7	6.879332043179373e-7
28900.0	5.730598627866286e-7	6.814565397080656e-7
29000.0	5.687582692118299e-7	6.750627006505506e-7
29100.0	5.64486993178645e-7	6.687501542217764e-7
29200.0	5.602458729596764e-7	6.625174025637104e-7
29300.0	5.560347461848892e-7	6.563629820394965e-7
29400.0	5.518534499376606e-7	6.502854624285473e-7
29500.0	5.477018207773075e-7	6.442834461277856e-7
29600.0	5.435796947972416e-7	6.383555673716955e-7
29700.0	5.394869076722125e-7	6.325004914723682e-7
29800.0	5.354232947188951e-7	6.267169140748464e-7
29900.0	5.313886909178079e-7	6.210035604258929e-7
30000.0	5.273829309852041e-7	6.153591846729639e-7
30100.0	5.234058493924662e-7	6.097825691539787e-7
30200.0	5.194572804128414e-7	6.042725237365585e-7
30300.0	5.155370581877417e-7	5.988278851376176e-7
30400.0	5.116450167098542e-7	5.934475162846474e-7
30500.0	5.077809899230444e-7	5.881303056779661e-7
30600.0	5.039448117173778e-7	5.828751667763569e-7
30700.0	5.001363159748486e-7	5.776810373889973e-7
30800.0	4.963553366098577e-7	5.725468790855083e-7
30900.0	4.926017075978465e-7	5.674716766226776e-7
31000.0	4.888752629946804e-7	5.624544373744853e-7
31100.0	4.851758369975878e-7	5.57494190790524e-7
31200.0	4.815032639332925e-7	5.525899878533221e-7
31300.0	4.778573783308228e-7	5.477409005559081e-7
31400.0	4.7423801490692033e-7	5.429460213896396e-7
31500.0	4.7064500861890574e-7	5.382044628486458e-7
31600.0	4.67078194691296e-7	5.335153569395637e-7
31700.0	4.6353740861887446e-7	5.288778546961238e-7
31800.0	4.60022486212121e-7	5.242911257321865e-7
31900.0	4.565332636126085e-7	5.197543577759665e-7
32000.0	4.5306957730914545e-7	5.152667562313036e-7
32100.0	4.496312641636181e-7	5.1082754374564e-7
32200.0	4.4621816144021873e-7	5.06435959788127e-7
32300.0	4.428301068003084e-7	5.02091260238983e-7
32400.0	4.39466938352179e-7	4.977927169885951e-7
32500.0	4.361284946513626e-7	4.935396175450316e-7
32600.0	4.328146147167461e-7	4.893312646520009e-7
32700.0	4.2952513805099414e-7	4.851677998811062e-7
32800.0	4.2625990466251225e-7	4.810489523312481e-7
32900.0	4.230187550650361e-7	4.769736006913943e-7
33000.0	4.198015303177028e-7	4.7294089875977296e-7
33100.0	4.1660807201069937e-7	4.6895007000158635e-7
33200.0	4.1343822230290664e-7	4.6500055331149265e-7
33300.0	4.102918239143986e-7	4.6109182825809927e-7
33400.0	4.0716872015734466e-7	4.5722303360211105e-7
33500.0	4.040687549354862e-7	4.5339375731428256e-7
33600.0	4.009917727572245e-7	4.496034793149749e-7
33700.0	3.979376187570473e-7	4.458514747234182e-7
33800.0	3.949061386915692e-7	4.421372760243329e-7
33900.0	3.9189717894664057e-7	4.384604733616995e-7
34000.0	3.8891058658005665e-7	4.3482056143881727e-7
34100.0	3.859462092794962e-7	4.3121721864718107e-7
34200.0	3.8300389541847284e-7	4.27650417093209e-7
34300.0	3.800834940229155e-7	4.2411853449766986e-7
34400.0	3.771848548206285e-7	4.2062084856590554e-7
34500.0	3.743078282169335e-7	4.1715689282995693e-7
34600.0	3.714522653080578e-7	4.1372621016006265e-7
34700.0	3.6861801790569245e-7	4.1032835254466553e-7
34800.0	3.658049385119778e-7	4.0696288084783424e-7
34900.0	3.6301288035882527e-7	4.036293646122762e-7
35000.0	3.6024169738374183e-7	4.003273818332566e-7
35100.0	3.5749124425725705e-7	3.970565187563251e-7
35200.0	3.547613763808162e-7	3.9381636968228353e-7
35300.0	3.520519498806004e-7	3.9060653676089696e-7
35400.0	3.4936282162031496e-7	3.874266298052981e-7
35500.0	3.466938492181969e-7	3.8427626610723956e-7
35600.0	3.440448910280319e-7	3.8115507025590217e-7
35700.0	3.4141580615287026e-7	3.7806267395396354e-7
35800.0	3.3880645444691327e-7	3.749987158577577e-7
35900.0	3.3621669652178263e-7	3.7196284140107623e-7
36000.0	3.3364639375246354e-7	3.68954702631445e-7
36100.0	3.310954082551366e-7	3.6597395805861177e-7
36200.0	3.2856360292602906e-7	3.63020272492747e-7
36300.0	3.260508414160723e-7	3.600933168952231e-7
36400.0	3.235569881436621e-7	3.571927682337672e-7
36500.0	3.210819082947463e-7	3.5431830933792355e-7
36600.0	3.186254678260034e-7	3.514696287568851e-7
36700.0	3.161875334487678e-7	3.4864642062841245e-7
36800.0	3.1376797266647235e-7	3.458483845455453e-7
36900.0	3.113666537317913e-7	3.430752254243967e-7
37000.0	3.089834456893844e-7	3.4032665338098484e-7
37100.0	3.066182183333578e-7	3.3760238360754134e-7
37200.0	3.042708422472416e-7	3.349021362588848e-7
37300.0	3.0194118877870215e-7	3.322256363284301e-7
37400.0	2.9962913004471366e-7	3.295726135380111e-7
37500.0	2.973345389386144e-7	3.269428022317508e-7
37600.0	2.950572891178335e-7	3.243359412628532e-7
37700.0	2.9279725502049806e-7	3.217517738945147e-7
37800.0	2.9055431184206646e-7	3.191900476905139e-7
37900.0	2.8832833555270513e-7	3.166505144289861e-7
38000.0	2.8611920289440325e-7	3.1413292999032e-7
38100.0	2.839267913639484e-7	3.1163705427585794e-7
38200.0	2.817509792314969e-7	3.091626511092551e-7
38300.0	2.7959164553023687e-7	3.067094881488952e-7
38400.0	2.774486700554371e-7	3.0427733680253094e-7
38500.0	2.7532193336013123e-7	3.018659721405941e-7
38600.0	2.7321131676104894e-7	2.994751728160694e-7
38700.0	2.711167023275902e-7	2.9710472098064154e-7
38800.0	2.6903797289207756e-7	2.947544022076028e-7
38900.0	2.6697501203140066e-7	2.9242400541849165e-7
39000.0	2.649277040795832e-7	2.9011332280888494e-7
39100.0	2.628959341201378e-7	2.878221497679113e-7
39200.0	2.608795879786702e-7	2.855502848188072e-7
39300.0	2.588785522346388e-7	2.832975295422493e-7
39400.0	2.5689271420581955e-7	2.810636885159121e-7
39500.0	2.549219619411782e-7	2.7884856923991524e-7
39600.0	2.5296618424895574e-7	2.766519820840819e-7
39700.0	2.510252706490643e-7	2.744737402199357e-7
39800.0	2.490991114104743e-7	2.723136595628459e-7
39900.0	2.471875975254792e-7	2.701715587079172e-7
40000.0	2.452906207157233e-7	2.6804725887961743e-7
40100.0	2.434080734262495e-7	2.659405838747959e-7
40200.0	2.415398488241454e-7	2.6385136000431413e-7
40300.0	2.396858407925518e-7	2.617794520860798e-7
40400.0	2.3784594393596373e-7	2.597249830856459e-7
40500.0	2.3602005356992808e-7	2.576876602570816e-7
40600.0	2.3420806571747418e-7	2.5566720365144306e-7
40700.0	2.3240987711387292e-7	2.5366347454622345e-7
40800.0	2.306253851858164e-7	2.5167626947606243e-7
40900.0	2.2885448807846113e-7	2.4970545792555265e-7
41000.0	2.2709708461960788e-7	2.4775079262669585e-7
41100.0	2.2535307434256842e-7	2.4581226375697435e-7
41200.0	2.23622357459148e-7	2.4388954625483324e-7
41300.0	2.2190483488284903e-7	2.4198260526727037e-7
41400.0	2.2020040819811502e-7	2.400912514841861e-7
41500.0	2.1850897968292494e-7	2.3821526395507348e-7
41600.0	2.1683045228409132e-7	2.3635466822457405e-7
41700.0	2.15164729630702e-7	2.345091610825381e-7
41800.0	2.1351171601246988e-7	2.326786346022622e-7
41900.0	2.1187131640015002e-7	2.308630355716199e-7
42000.0	2.1024343641755837e-7	2.290620976932676e-7
42100.0	2.0862798235336861e-7	2.2727578634031772e-7
42200.0	2.070248611533495e-7	2.2550392797184747e-7
42300.0	2.0543398041728977e-7	2.237463530659303e-7
42400.0	2.0385524839788602e-7	2.220030362379989e-7
42500.0	2.0228857399132552e-7	2.2027371990551024e-7
42600.0	2.0073386673975278e-7	2.185584103140783e-7
42700.0	1.9919103682273067e-7	2.168568654186685e-7
42800.0	1.976599950574649e-7	2.1516906815389196e-7
42900.0	1.9614065289385276e-7	2.1349484857939817e-7
43000.0	1.9463292240974454e-7	2.1183417737243705e-7
43100.0	1.9313671631350208e-7	2.1018686630079748e-7
43200.0	1.9165194792884346e-7	2.0855269090722553e-7
43300.0	1.901785312041566e-7	2.0693153605049897e-7
43400.0	1.8871638069517803e-7	2.0532328790848559e-7
43500.0	1.8726541157815236e-7	2.0372783395528967e-7
43600.0	1.8582553963341095e-7	2.0214506294160473e-7
43700.0	1.8439668124763436e-7	2.0057486487003565e-7
43800.0	1.8297875339679202e-7	1.990171309733612e-7
43900.0	1.8157167366962604e-7	1.9747175369527504e-7
44000.0	1.8017536024078732e-7	1.9593862666744122e-7
44100.0	1.7878973188110824e-7	1.9441764469085264e-7
44200.0	1.774147079352954e-7	1.9290870371654798e-7
44300.0	1.7605020833686615e-7	1.91411700824141e-7
44400.0	1.7469615360929048e-7	1.8992653420653978e-7
44500.0	1.7335246483382632e-7	1.8845310314701925e-7
44600.0	1.720190636767069e-7	1.869913080071348e-7
44700.0	1.7069587236860359e-7	1.8554105020428354e-7
44800.0	1.6938281370428647e-7	1.8410223219697228e-7
44900.0	1.6807981104294855e-7	1.8267475746759133e-7
45000.0	1.6678678829727335e-7	1.812585305055185e-7
45100.0	1.6550366994143642e-7	1.7985345679678325e-7
45200.0	1.6423038099082374e-7	1.784594427976303e-7
45300.0	1.629668470208386e-7	1.7707639592813314e-7
45400.0	1.6171299413643826e-7	1.757042245570061e-7
45500.0	1.604687489941871e-7	1.7434283797865258e-7
45600.0	1.5923403878568422e-7	1.7299214641519844e-7
45700.0	1.58008791229537e-7	1.7165206098298778e-7
45800.0	1.5679293458351048e-7	1.703224936952598e-7
45900.0	1.5558639762418058e-7	1.690033574370902e-7
46000.0	1.5438910965658422e-7	1.6769456596391828e-7
46100.0	1.5320100050370852e-7	1.6639603387930868e-7
46200.0	1.520220005034101e-7	1.6510767662530938e-7
46300.0	1.5085204050914218e-7	1.6382941047216722e-7
46400.0	1.496910518817315e-7	1.6256115250703865e-7
46500.0	1.4853896648629862e-7	1.613028206188883e-7
46600.0	1.47395716696791e-7	1.60054333489495e-7
46700.0	1.462612353866597e-7	1.5881561058141654e-7
46800.0	1.4513545591343026e-7	1.5758657213075968e-7
46900.0	1.4401831214262323e-7	1.5636713912837622e-7
47000.0	1.4290973841727128e-7	1.551572333186354e-7
47100.0	1.418096695734234e-7	1.5395677718409667e-7
47200.0	1.4071804092852688e-7	1.5276569393587742e-7
47300.0	1.396347882804846e-7	1.5158390750574815e-7
47400.0	1.3855984790290135e-7	1.5041134253416844e-7
47500.0	1.3749315653782162e-7	1.492479243627891e-7
47600.0	1.3643465140119395e-7	1.480935790257733e-7
47700.0	1.3538427017721654e-7	1.4694823323786178e-7
47800.0	1.3434195101751215e-7	1.458118143899073e-7
47900.0	1.333076325192132e-7	1.4468425053400195e-7
48000.0	1.322812537501234e-7	1.4356547038240532e-7
48100.0	1.3126275422256265e-7	1.424554032933229e-7
48200.0	1.3025207390748838e-7	1.4135397926830593e-7
48300.0	1.292491532218401e-7	1.4026112893487649e-7
48400.0	1.2825393302459117e-7	1.3917678355305204e-7
48500.0	1.2726635461495805e-7	1.381008749924647e-7
48600.0	1.2628635973396265e-7	1.3703333573569749e-7
48700.0	1.2531389055649075e-7	1.3597409886628353e-7
48800.0	1.2434888969017472e-7	1.3492309806227795e-7
48900.0	1.233913001693676e-7	1.3388026758886055e-7
49000.0	1.2244106545895962e-7	1.3284554229279605e-7
49100.0	1.2149812944464117e-7	1.3181885759296357e-7
49200.0	1.205624364298543e-7	1.3080014947462638e-7
49300.0	1.1963393114590101e-7	1.2978935448940837e-7
49400.0	1.1871255871779632e-7	1.2878640973233987e-7
49500.0	1.177982647022561e-7	1.2779125285521361e-7
49600.0	1.168909950577905e-7	1.268038220464473e-7
49700.0	1.1599069614228476e-7	1.2582405603179732e-7
49800.0	1.1509731472586679e-7	1.2485189406448287e-7
49900.0	1.1421079797484582e-7	1.23887275921396e-7
50000.0	1.1333109344214093e-7	1.229301418983795e-7
50100.0	1.1245814909800487e-7	1.2198043280137336e-7
50200.0	1.1159191327992726e-7	1.2103808994233885e-7
50300.0	1.1073233473287054e-7	1.201030551346732e-7
50400.0	1.0987936257038454e-7	1.1917527068671639e-7
50500.0	1.0903294630295347e-7	1.1825467939564234e-7
50600.0	1.0819303581293046e-7	1.1734122454615824e-7
50700.0	1.0735958136544841e-7	1.1643484989696486e-7
50800.0	1.065325335959136e-7	1.1553549968894546e-7
50900.0	1.0571184352146911e-7	1.1464311862331309e-7
51000.0	1.0489746251200104e-7	1.1375765187276608e-7
51100.0	1.0408934231504842e-7	1.1287904506623025e-7
51200.0	1.0328743504100682e-7	1.1200724428920629e-7
51300.0	1.0249169316571112e-7	1.1114219607649001e-7
51400.0	1.0170206951240097e-7	1.1028384740716788e-7
51500.0	1.009185172729389e-7	1.0943214570441927e-7
51600.0	1.0014098998049753e-7	1.085870388250997e-7
51700.0	9.936944153483532e-8	1.0774847506007035e-7
51800.0	9.860382616832963e-8	1.0691640312735031e-7
51900.0	9.784409846869026e-8	1.060907721694256e-7
52000.0	9.709021336708015e-8	1.0527153174514847e-7
52100.0	9.634212612940331e-8	1.0445863183229395e-7
52200.0	9.559979236346371e-8	1.036520228189701e-7
52300.0	9.486316801809937e-8	1.0285165549906402e-7
52400.0	9.413220936395708e-8	1.0205748106888522e-7
52500.0	9.340687301685801e-8	1.0126945112760469e-7
52600.0	9.268711591400027e-8	1.0048751766751733e-7
52700.0	9.197289531406539e-8	9.971163307119201e-8
52800.0	9.126416880689186e-8	9.894175011254336e-8
52900.0	9.056089429763106e-8	9.81778219479056e-8
53000.0	8.986303001960168e-8	9.741980211242963e-8
53100.0	8.917053451815727e-8	9.666764452087862e-8
53200.0	8.84833666481402e-8	9.592130346117724e-8
53300.0	8.780148558013048e-8	9.518073359020727e-8
53400.0	8.712485080055465e-8	9.444588993015236e-8
53500.0	8.645342209482365e-8	9.371672787130797e-8
53600.0	8.578715955686673e-8	9.29932031559079e-8
53700.0	8.51260235858623e-8	9.227527189082471e-8
53800.0	8.446997487226775e-8	9.156289052994384e-8
53900.0	8.381897442094567e-8	9.08560158822071e-8
54000.0	8.317298351792191e-8	9.015460509767608e-8
54100.0	8.253196375417458e-8	8.945861567393119e-8
54200.0	8.189587700718331e-8	8.876800545027163e-8
54300.0	8.126468544504627e-8	8.808273259797057e-8
54400.0	8.063835151990566e-8	8.740275562901836e-8
54500.0	8.001683798066241e-8	8.672803338240786e-8
54600.0	7.940010784429854e-8	8.605852502796268e-8
54700.0	7.878812442451072e-8	8.539419006075731e-8
54800.0	7.818085129776858e-8	8.473498829655545e-8
54900.0	7.757825233438743e-8	8.408087987427013e-8
55000.0	7.69802916686325e-8	8.343182524574545e-8
55100.0	7.638693371294091e-8	8.278778518243062e-8
55200.0	7.579814314451128e-8	8.214872076290787e-8
55300.0	7.521388491426083e-8	8.151459337670076e-8
55400.0	7.463412424511889e-8	8.088536471779076e-8
55500.0	7.405882661346581e-8	8.026099678670052e-8
55600.0	7.348795776818009e-8	7.964145187952749e-8
55700.0	7.292148371160997e-8	7.902669259626824e-8
55800.0	7.235937071402729e-8	7.84166818291073e-8
55900.0	7.1801585292624e-8	7.781138276529233e-8
56000.0	7.124809422767849e-8	7.72107588814094e-8
56100.0	7.069886455025411e-8	7.661477394072624e-8
56200.0	7.015386354053508e-8	7.602339199710095e-8
56300.0	6.961305873598189e-8	7.54365773836496e-8
56400.0	6.907641790822948e-8	7.485429471457937e-8
56500.0	6.854390908824159e-8	7.427650888486907e-8
56600.0	6.801550054273426e-8	7.370318506355565e-8
56700.0	6.749116078735471e-8	7.313428869315706e-8
56800.0	6.697085856544981e-8	7.256978549118586e-8
56900.0	6.645456287174771e-8	7.200964144021541e-8
57000.0	6.594224293108724e-8	7.145382278972826e-8
57100.0	6.543386821110609e-8	7.090229605995153e-8
57200.0	6.492940839894535e-8	7.035502802913071e-8
57300.0	6.442883342647544e-8	6.981198573324486e-8
57400.0	6.393211344533431e-8	6.927313647137437e-8
57500.0	6.343921884414139e-8	6.873844779833535e-8
57600.0	6.295012022923833e-8	6.82078875203643e-8
57700.0	6.246478843696984e-8	6.768142369552896e-8
57800.0	6.198319452224949e-8	6.715902463647123e-8
57900.0	6.150530976794515e-8	6.664065889642312e-8
58000.0	6.103110566664304e-8	6.612629528076279e-8
58100.0	6.056055394280499e-8	6.561590283409994e-8
58200.0	6.009362651797511e-8	6.510945084447071e-8
58300.0	5.963029554674556e-8	6.460690884201936e-8
58400.0	5.917053338725104e-8	6.410824658952151e-8
58500.0	5.871431260702038e-8	6.361343408981865e-8
58600.0	5.826160599310047e-8	6.312244158000953e-8
58700.0	5.781238652873144e-8	6.263523952322301e-8
58800.0	5.7366627409607045e-8	6.215179862137791e-8
58900.0	5.692430204038896e-8	6.167208979866765e-8
59000.0	5.648538401977681e-8	6.119608420864809e-8
59100.0	5.604984715625203e-8	6.072375322372918e-8
59200.0	5.561766546296886e-8	6.025506844971457e-8
59300.0	5.51888131315532e-8	5.979000170353163e-8
59400.0	5.476326457711036e-8	5.9328525026849143e-8
59500.0	5.434099438845592e-8	5.887061067609597e-8
59600.0	5.392197736603335e-8	5.841623112603362e-8
59700.0	5.3506188491083706e-8	5.796535906161053e-8
59800.0	5.3093602944135e-8	5.751796738498206e-8
59900.0	5.268419608896067e-8	5.7074029204104697e-8
60000.0	5.2277943485951145e-8	5.663351783853367e-8
60100.0	5.187482087654541e-8	5.619640681389434e-8
60200.0	5.147480418659122e-8	5.5762669863528224e-8
60300.0	5.1077869535726346e-8	5.533228092162859e-8
60400.0	5.068399321399029e-8	5.490521412599876e-8
60500.0	5.029315170411478e-8	5.4481443815238145e-8
60600.0	4.99053216621668e-8	5.4060944528940516e-8
60700.0	4.952047992347006e-8	5.3643691001592665e-8
60800.0	4.9138603507561376e-8	5.322965816255462e-8
60900.0	4.8759669596524023e-8	5.281882113976917e-8
61000.0	4.8383655560158284e-8	5.2411155250868446e-8
61100.0	4.801053893683585e-8	5.2006636006294196e-8
61200.0	4.76402974404949e-8	5.160523910420739e-8
61300.0	4.727290894920014e-8	5.1206940433992674e-8
61400.0	4.690835151421226e-8	5.0811716070954356e-8
61500.0	4.654660335320759e-8	5.0419542271953266e-8
61600.0	4.618764285797019e-8	5.003039548629059e-8
61700.0	4.5831448573300757e-8	4.964425233543613e-8
61800.0	4.547799922236372e-8	4.926108963071194e-8
61900.0	4.512727368152155e-8	4.8880884358537276e-8
62000.0	4.477925099572828e-8	4.850361368146277e-8
62100.0	4.4433910360130064e-8	4.8129254943474976e-8
62200.0	4.409123114476053e-8	4.775778566185933e-8
62300.0	4.37511928629748e-8	4.738918352976932e-8
62400.0	4.341377519567367e-8	4.702342640856832e-8
62500.0	4.307895797496681e-8	4.66604923343039e-8
62600.0	4.274672118859148e-8	4.630035951330977e-8
62700.0	4.241704497743427e-8	4.594300631953212e-8
62800.0	4.20899096366984e-8	4.558841129210871e-8
62900.0	4.176529560824092e-8	4.5236553139365107e-8
63000.0	4.1443183489876394e-8	4.4887410735920424e-8
63100.0	4.1123554021420876e-8	4.4540963112714105e-8
63200.0	4.080638810209627e-8	4.419718946962568e-8
63300.0	4.049166675854746e-8	4.385606916439003e-8
63400.0	4.017937118567559e-8	4.351758171375199e-8
63500.0	3.9869482706065905e-8	4.318170679543396e-8
63600.0	3.9561982786451193e-8	4.284842424098729e-8
63700.0	3.9256853050371476e-8	4.251771404172709e-8
63800.0	3.895407524736629e-8	4.218955633948908e-8
63900.0	3.86536312673355e-8	4.186393143365005e-8
64000.0	3.835550315214956e-8	4.1540819772358304e-8
64100.0	3.805967306971921e-8	4.122020195517455e-8
64200.0	3.7766123327513096e-8	4.090205873440196e-8
64300.0	3.747483637259425e-8	4.0586371009104585e-8
64400.0	3.718579478656938e-8	4.027311982430801e-8
64500.0	3.689898127153715e-8	3.99622863767587e-8
64600.0	3.661437868035699e-8	3.965385200189268e-8
64700.0	3.633196999333562e-8	3.9347798182949526e-8
64800.0	3.605173831743467e-8	3.9044106546739197e-8
64900.0	3.5773666881692086e-8	3.874275885990743e-8
65000.0	3.54977390615095e-8	3.844373703154356e-8
65100.0	3.5223938347458426e-8	3.814702311142394e-8
65200.0	3.4952248366223205e-8	3.7852599282351295e-8
65300.0	3.4682652857659606e-8	3.756044787294641e-8
65400.0	3.441513569605038e-8	3.727055134186703e-8
65500.0	3.41496808778099e-8	3.698289228620142e-8
65600.0	3.388627251742879e-8	3.6697453437665e-8
65700.0	3.362489486320511e-8	3.6414217657567814e-8
65800.0	3.336553226798366e-8	3.613316794601847e-8
65900.0	3.310816922469306e-8	3.5854287428289544e-8
66000.0	3.285279032188619e-8	3.557755936318909e-8
66100.0	3.2599380285164417e-8	3.5302967137444166e-8
66200.0	3.2347923951844114e-8	3.5030494267198054e-8
66300.0	3.2098406271912205e-8	3.476012439600853e-8
66400.0	3.185081231713477e-8	3.4491841292099406e-8
66500.0	3.1605127270999286e-8	3.4225628849394626e-8
66600.0	3.136133642977118e-8	3.3961471086075915e-8
66700.0	3.1119425204726185e-8	3.3699352145819444e-8
66800.0	3.0879379118688804e-8	3.343925629273193e-8
66900.0	3.0641183806456236e-8	3.3181167913476635e-8
67000.0	3.0404825008951736e-8	3.292507151226413e-8
67100.0	3.01702885816149e-8	3.267095171811543e-8
67200.0	2.993756048944078e-8	3.24187932736366e-8
67300.0	2.970662680154931e-8	3.2168581042615786e-8
67400.0	2.9477473694453877e-8	3.1920300003237294e-8
67500.0	2.9250087454269304e-8	3.167393525166264e-8
67600.0	2.9024454465158074e-8	3.1429471998272504e-8
67700.0	2.8800561228876918e-8	3.118689556567999e-8
67800.0	2.857839433629464e-8	3.094619139561658e-8
67900.0	2.8357940492780875e-8	3.07073450343681e-8
68000.0	2.8139186500839482e-8	3.047034214793267e-8
68100.0	2.7922119261280423e-8	3.023516850201485e-8
68200.0	2.7706725787263023e-8	3.000180998401673e-8
68300.0	2.749299317242721e-8	2.9770252582690547e-8
68400.0	2.7280908630241364e-8	2.9540482399476246e-8
68500.0	2.707045946341074e-8	2.9312485639209553e-8
68600.0	2.6861633069636664e-8	2.9086248614633314e-8
68700.0	2.6654416943597964e-8	2.8861757746199752e-8
68800.0	2.644879868058758e-8	2.8638999553750412e-8
68900.0	2.6244765974298664e-8	2.8417960667443255e-8
69000.0	2.6042306604425622e-8	2.819862781751056e-8
69100.0	2.5841408448037535e-8	2.7980987837190785e-8
69200.0	2.564205947337773e-8	2.776502765918589e-8
69300.0	2.544424775043034e-8	2.755073432058969e-8
69400.0	2.524796143124208e-8	2.733809495888461e-8
69500.0	2.5053188760665874e-8	2.712709680364374e-8
69600.0	2.4859918079043602e-8	2.691772719282449e-8
69700.0	2.4668137806450722e-8	2.6709973553917977e-8
69800.0	2.4477836464147522e-8	2.6503823416646898e-8
69900.0	2.4289002651785514e-8	2.6299264405910964e-8
70000.0	2.410162506438347e-8	2.609628424118618e-8
70100.0	2.3915692482038706e-8	2.5894870735723517e-8
70200.0	2.3731193761113907e-8	2.5695011799209003e-8
70300.0	2.354811786161021e-8	2.5496695432471298e-8
70400.0	2.336645381091652e-8	2.5299909730921147e-8
70500.0	2.318619073684142e-8	2.5104642881083778e-8
70600.0	2.3007317836039132e-8	2.491088315904591e-8
70700.0	2.2829824400628942e-8	2.471861893335531e-8
70800.0	2.265369979687321e-8	2.4527838663371625e-8
70900.0	2.2478933473455684e-8	2.4338530892957746e-8
71000.0	2.2305514967701478e-8	2.4150684258879203e-8
71100.0	2.2133433889204828e-8	2.396428748489786e-8
71200.0	2.1962679930389205e-8	2.377932937978717e-8
71300.0	2.179324286240248e-8	2.3595798837250266e-8
71400.0	2.1625112539270166e-8	2.3413684844903532e-8
71500.0	2.1458278887478144e-8	2.323297646567622e-8
71600.0	2.129273191380499e-8	2.3053662850946038e-8
71700.0	2.1128461700841116e-8	2.2875733237080423e-8
71800.0	2.0965458409858395e-8	2.2699176941021077e-8
71900.0	2.0803712270046336e-8	2.25239833640331e-8
72000.0	2.064321360012392e-8	2.235014198755583e-8
72100.0	2.048395277945475e-8	2.2177642376882344e-8
72200.0	2.0325920271397106e-8	2.2006474173977365e-8
72300.0	2.0169106604602232e-8	2.1836627102828803e-8
72400.0	2.0013502389452868e-8	2.1668090968911024e-8
72500.0	1.9859098293890986e-8	2.1500855652781858e-8
72600.0	1.9705885073916612e-8	2.133491111363602e-8
72700.0	1.9553853554350014e-8	2.1170247390665988e-8
72800.0	1.9402994618400133e-8	2.100685459680308e-8
72900.0	1.925329923229425e-8	2.0844722922619322e-8
73000.0	1.910475842587049e-8	2.0683842635494384e-8
73100.0	1.895736329822239e-8	2.052420407498033e-8
73200.0	1.8811105017412475e-8	2.0365797660065618e-8
73300.0	1.866597482456663e-8	2.0208613878336848e-8
73400.0	1.852196401756646e-8	2.0052643294395803e-8
73500.0	1.8379063969985013e-8	1.9897876542082942e-8
73600.0	1.823726611950096e-8	1.9744304334097838e-8
73700.0	1.8096561974270467e-8	1.9591917447598915e-8
73800.0	1.7956943093440213e-8	1.94407067325145e-8
73900.0	1.7818401118332478e-8	1.929066311488695e-8
74000.0	1.7680927743613538e-8	1.9141777581916286e-8
74100.0	1.7544514730654233e-8	1.8994041199396768e-8
74200.0	1.7409153909395923e-8	1.8847445094242576e-8
74300.0	1.727483716409123e-8	1.8701980467449152e-8
74400.0	1.7141556447363965e-8	1.8557638585966074e-8
74500.0	1.7009303770599646e-8	1.8414410781579797e-8
74600.0	1.6878071214191144e-8	1.827228845900574e-8
74700.0	1.6747850904486048e-8	1.8131263083101075e-8
74800.0	1.6618635042422246e-8	1.799132619027725e-8
74900.0	1.649041588183074e-8	1.7852469372473773e-8
75000.0	1.6363185743662683e-8	1.7714684299891838e-8
75100.0	1.623693700022763e-8	1.757796269788613e-8
75200.0	1.6111662080995822e-8	1.7442296357725277e-8
75300.0	1.5987353482887587e-8	1.7307677135097826e-8
75400.0	1.5864003755193473e-8	1.7174096946497104e-8
75500.0	1.5741605501644334e-8	1.704154777406245e-8
75600.0	1.56201513889463e-8	1.6910021659319263e-8
75700.0	1.5499634141257473e-8	1.677951070541207e-8
75800.0	1.5380046531905818e-8	1.665000707657582e-8
75900.0	1.5261381389423413e-8	1.652150299819972e-8
76000.0	1.5143631606643744e-8	1.639399075586057e-8
76100.0	1.502679012204206e-8	1.6267462693890338e-8
76200.0	1.4910849938973492e-8	1.6141911213399212e-8
76300.0	1.4795804096961752e-8	1.6017328780272572e-8
76400.0	1.4681645710632125e-8	1.5893707912403075e-8
76500.0	1.45683679337282e-8	1.5771041187030694e-8
76600.0	1.4455963976081473e-8	1.5649321243999537e-8
76700.0	1.4344427099117216e-8	1.5528540772895924e-8
76800.0	1.4233750619979112e-8	1.5408692521918065e-8
76900.0	1.4123927897457928e-8	1.5289769296213807e-8
77000.0	1.4014952355863786e-8	1.517176395425316e-8
77100.0	1.3906817460305387e-8	1.505466941373158e-8
77200.0	1.3799516726665189e-8	1.4938478642955865e-8
77300.0	1.3693043725577569e-8	1.4823184667425572e-8
77400.0	1.358739207475882e-8	1.4708780563566718e-8
77500.0	1.348255543696863e-8	1.4595259465226127e-8
77600.0	1.3378527532054706e-8	1.448261455416438e-8
77700.0	1.3275302122077034e-8	1.4370839069970215e-8
77800.0	1.3172873016866427e-8	1.425992630050294e-8
77900.0	1.3071234077567673e-8	1.4149869585608034e-8
78000.0	1.297037921232232e-8	1.4040662319991984e-8
78100.0	1.287030237550045e-8	1.3932297945958889e-8
78200.0	1.2770997559141978e-8	1.3824769958521676e-8
78300.0	1.2672458821860638e-8	1.3718071899362344e-8
78400.0	1.2574680249400866e-8	1.3612197365934525e-8
78500.0	1.2477655980118764e-8	1.3507140000118558e-8
78600.0	1.2381380196624472e-8	1.340289349312763e-8
78700.0	1.2285847132660116e-8	1.329945158933755e-8
78800.0	1.2191051050890879e-8	1.3196808076654582e-8
78900.0	1.2096986275872243e-8	1.3094956790987495e-8
79000.0	1.2003647165688733e-8	1.299389162131419e-8
79100.0	1.1911028122727051e-8	1.2893606498394887e-8
79200.0	1.1819123596807203e-8	1.2794095398774506e-8
79300.0	1.1727928071757509e-8	1.2695352350355489e-8
79400.0	1.1637436087932039e-8	1.2597371424341256e-8
79500.0	1.1547642216183895e-8	1.2500146739181509e-8
79600.0	1.1458541069988861e-8	1.2403672454984273e-8
79700.0	1.1370127312562626e-8	1.2307942782566877e-8
79800.0	1.1282395636456182e-8	1.221295197362812e-8
79900.0	1.119534078446091e-8	1.2118694326789976e-8
80000.0	1.1108957536610958e-8	1.2025164179267419e-8
80100.0	1.1023240715529341e-8	1.1932355919129139e-8
80200.0	1.093818517648335e-8	1.1840263972255403e-8
80300.0	1.0853785826542416e-8	1.174888281032824e-8
80400.0	1.0770037597448378e-8	1.1658206948223125e-8
80500.0	1.068693547376752e-8	1.1568230939171913e-8
80600.0	1.0604474470204882e-8	1.1478949384309893e-8
80700.0	1.0522649636661078e-8	1.1390356922348666e-8
80800.0	1.0441456077233735e-8	1.1302448233822527e-8
80900.0	1.0360888915769103e-8	1.1215218040960553e-8
81000.0	1.0280943325340974e-8	1.1128661108606271e-8
81100.0	1.0201614505915895e-8	1.1042772238123411e-8
81200.0	1.0122897706473328e-8	1.0957546273279589e-8
81300.0	1.0044788206161647e-8	1.087297809648559e-8
81400.0	9.967281318529937e-9	1.0789062633104096e-8
81500.0	9.890372397729178e-9	1.0705794843615833e-8
81600.0	9.814056830000758e-9	1.0623169727961318e-8
81700.0	9.738330037190765e-9	1.0541182326915832e-8
81800.0	9.663187486804718e-9	1.045982771822429e-8
81900.0	9.588624662410925e-9	1.0379101016666522e-8
82000.0	9.514637101621355e-9	1.0298997375710383e-8
82100.0	9.441220358034231e-9	1.0219511987816557e-8
82200.0	9.368370037810918e-9	1.0140640079004016e-8
82300.0	9.29608176666473e-9	1.006237691524366e-8
82400.0	9.224351208830606e-9	9.984717797058247e-9
82500.0	9.153174069532994e-9	9.907658062707975e-9
82600.0	9.082546071567404e-9	9.831193084977724e-9
82700.0	9.012462983962482e-9	9.755318274007203e-9
82800.0	8.94292060240793e-9	9.680029074748326e-9
82900.0	8.873914757296477e-9	9.605320966245441e-9
83000.0	8.805441314993959e-9	9.531189463414439e-9
83100.0	8.737496158024766e-9	9.45763011635535e-9
83200.0	8.67007521961181e-9	9.38463850711554e-9
83300.0	8.603174452439526e-9	9.312210256676548e-9
83400.0	8.53678984933264e-9	9.240341014385956e-9
83500.0	8.470917421279587e-9	9.169026464985973e-9
83600.0	8.405553225106856e-9	9.098262329118052e-9
83700.0	8.340693332775405e-9	9.028044356356848e-9
83800.0	8.276333863719913e-9	8.958368332268777e-9
83900.0	8.212470952143334e-9	8.889230072612594e-9
84000.0	8.149100764951087e-9	8.820625429681813e-9
84100.0	8.086219509145477e-9	8.752550282329767e-9
84200.0	8.023823408729018e-9	8.68500054219716e-9
84300.0	7.96190872431237e-9	8.61797215686731e-9
84400.0	7.90047173694974e-9	8.551461100977739e-9
84500.0	7.8395087676156e-9	8.485463380104764e-9
84600.0	7.779016155972005e-9	8.419975034265843e-9
84700.0	7.718990277063947e-9	8.354992131249107e-9
84800.0	7.659427526966839e-9	8.290510767621308e-9
84900.0	7.600324336382495e-9	8.226527076254955e-9
85000.0	7.541677156835337e-9	8.163037212972604e-9
85100.0	7.483482474852505e-9	8.100037366724675e-9
85200.0	7.425736798094388e-9	8.037523754988958e-9
85300.0	7.368436662343673e-9	7.975492625494344e-9
85400.0	7.311578629615891e-9	7.91394025423099e-9
85500.0	7.2551592957008625e-9	7.852862944674437e-9
85600.0	7.199175269387624e-9	7.79225703190796e-9
85700.0	7.143623195584355e-9	7.732118875774878e-9
85800.0	7.088499741827399e-9	7.672444867254732e-9
85900.0	7.033801602043944e-9	7.613231422880002e-9
86000.0	6.9795254962021355e-9	7.55447498798812e-9
86100.0	6.9256681655680466e-9	7.496172035748195e-9
86200.0	6.872226382693849e-9	7.438319064059222e-9
86300.0	6.819196941732885e-9	7.3809126013915175e-9
86400.0	6.7665766603374715e-9	7.323949202280916e-9
86500.0	6.714362384781623e-9	7.26742544561533e-9
86600.0	6.662550980570281e-9	7.211337937762827e-9
86700.0	6.611139340273463e-9	7.155683310740541e-9
86800.0	6.560124379154541e-9	7.100458227313532e-9
86900.0	6.509503037826664e-9	7.045659367357722e-9
87000.0	6.459272284426025e-9	6.991283443166441e-9
87100.0	6.4094290968681254e-9	6.937327191381429e-9
87200.0	6.35997049195968e-9	6.8837873708933074e-9
87300.0	6.310893498957267e-9	6.8306607689427416e-9
87400.0	6.262195179005973e-9	6.7779441951520706e-9
87500.0	6.213872606070124e-9	6.725634484887341e-9
87600.0	6.165922885081841e-9	6.673728498410317e-9
87700.0	6.118343134606797e-9	6.622223118524464e-9
87800.0	6.071130508815513e-9	6.571115253455491e-9
87900.0	6.024282166312641e-9	6.520401837592616e-9
88000.0	5.977795302338315e-9	6.470079822386266e-9
88100.0	5.931667124310448e-9	6.420146188924217e-9
88200.0	5.885894872317019e-9	6.3705979392954405e-9
88300.0	5.840475793311948e-9	6.321432098653943e-9
88400.0	5.795407166519045e-9	6.272645716932682e-9
88500.0	5.750686284464272e-9	6.224235862863723e-9
88600.0	5.706310469950322e-9	6.176199632170271e-9
88700.0	5.662277057092421e-9	6.128534140069643e-9
88800.0	5.618583403979052e-9	6.0812365248873195e-9
88900.0	5.575226896291009e-9	6.03430394868296e-9
89000.0	5.532204922429572e-9	5.9877335927090265e-9
89100.0	5.489514906019431e-9	5.941522661431469e-9
89200.0	5.447154289587447e-9	5.895668382108885e-9
89300.0	5.405120525615028e-9	5.850167999639123e-9
89400.0	5.3634110981540176e-9	5.805018782646497e-9
89500.0	5.322023503684988e-9	5.760218022429073e-9
89600.0	5.280955257275412e-9	5.7157630278146796e-9
89700.0	5.2402038968188625e-9	5.671651132214187e-9
89800.0	5.199766971753016e-9	5.627879685938899e-9
89900.0	5.15964206673733e-9	5.584446061723433e-9
90000.0	5.1198267690489156e-9	5.541347651141019e-9
90100.0	5.080318693211412e-9	5.49858186815071e-9
90200.0	5.0411154630315116e-9	5.456146144111769e-9
90300.0	5.002214729675518e-9	5.414037934777081e-9
90400.0	4.963614157230115e-9	5.37225470797162e-9
90500.0	4.925311436898438e-9	5.3307939572742465e-9
90600.0	4.8873042607988755e-9	5.289653193443508e-9
90700.0	4.8495903591938955e-9	5.248829948040049e-9
90800.0	4.812167461047111e-9	5.208321770101247e-9
90900.0	4.775033326733397e-9	5.168126226510296e-9
91000.0	4.738185723882823e-9	5.128240905435481e-9
91100.0	4.701622447151227e-9	5.08866341167912e-9
91200.0	4.665341297474428e-9	5.049391369390639e-9
91300.0	4.629340102006109e-9	5.010422421591057e-9
91400.0	4.593616698751068e-9	4.971754228613377e-9
91500.0	4.5581689448572555e-9	4.933384468988978e-9
91600.0	4.522994715776592e-9	4.8953108398838805e-9
91700.0	4.48809189824406e-9	4.857531054839722e-9
91800.0	4.453458398460858e-9	4.820042846830083e-9
91900.0	4.419092141002792e-9	4.782843965427402e-9
92000.0	4.384991063147921e-9	4.7459321754842616e-9
92100.0	4.351153116634223e-9	4.709305265103666e-9
92200.0	4.317576274870618e-9	4.672961031640863e-9
92300.0	4.284258519944889e-9	4.636897295773656e-9
92400.0	4.251197853911376e-9	4.601111891737566e-9
92500.0	4.218392297859473e-9	4.565602670300341e-9
92600.0	4.185839875409473e-9	4.530367501529678e-9
92700.0	4.153538642122907e-9	4.49540426930976e-9
92800.0	4.121486652607976e-9	4.460710874882877e-9
92900.0	4.089681986869317e-9	4.4262852369034265e-9
93000.0	4.058122738826675e-9	4.392125285222655e-9
93100.0	4.0268070104867145e-9	4.358228972525867e-9
93200.0	3.995732924706215e-9	4.324594265201516e-9
93300.0	3.964898619873017e-9	4.291219139757865e-9
93400.0	3.934302241509048e-9	4.2581015956891144e-9
93500.0	3.903941960201344e-9	4.225239643948962e-9
93600.0	3.87381594641581e-9	4.192631312200198e-9
93700.0	3.8439223999573916e-9	4.160274643884852e-9
93800.0	3.814259520397735e-9	4.128167693408097e-9
93900.0	3.7848255325322205e-9	4.096308538268072e-9
94000.0	3.755618668537243e-9	4.0646952617726404e-9
94100.0	3.726637176245656e-9	4.0333259688438e-9
94200.0	3.6978793185159188e-9	4.002198775149215e-9
94300.0	3.669343369012034e-9	3.971311811012869e-9
94400.0	3.6410276140332806e-9	3.940663223948487e-9
94500.0	3.6129303587437358e-9	3.910251174482258e-9
94600.0	3.585049914573773e-9	3.880073837033303e-9
94700.0	3.5573846036791275e-9	3.850129397875358e-9
94800.0	3.5299327749688406e-9	3.820416062513475e-9
94900.0	3.5026927763241334e-9	3.790932043789591e-9
95000.0	3.475662972856163e-9	3.761675575037963e-9
95100.0	3.4488417455915016e-9	3.732644898245388e-9
95200.0	3.422227484016173e-9	3.7038382715107704e-9
95300.0	3.3958185907200707e-9	3.675253965623641e-9
95400.0	3.369613481187952e-9	3.646890265105468e-9
95500.0	3.343610583974812e-9	3.6187454644953984e-9
95600.0	3.3178083363098e-9	3.590817877066592e-9
95700.0	3.2922051938298872e-9	3.563105827499001e-9
95800.0	3.2667996193262377e-9	3.535607647765446e-9
95900.0	3.2415900841246324e-9	3.508321691439391e-9
96000.0	3.2165750841624933e-9	3.48124632022866e-9
96100.0	3.191753109429689e-9	3.454379905569576e-9
96200.0	3.1671226720435516e-9	3.4277208375647185e-9
96300.0	3.1426823001681547e-9	3.401267516268362e-9
96400.0	3.1184305240678168e-9	3.3750183513588978e-9
96500.0	3.094365887251367e-9	3.348971769669765e-9
96600.0	3.070486947409053e-9	3.3231262050231584e-9
96700.0	3.046792270072885e-9	3.2974801080210613e-9
96800.0	3.02328043404495e-9	3.272031938191289e-9
96900.0	2.9999500304297167e-9	3.2467801686932734e-9
97000.0	2.976799657408572e-9	3.221723283343946e-9
97100.0	2.953827925606832e-9	3.19685977743031e-9
97200.0	2.9310334544332085e-9	3.172188160237975e-9
97300.0	2.9084148844154592e-9	3.147706948499575e-9
97400.0	2.8859708485723297e-9	3.1234146742919403e-9
97500.0	2.863700007761642e-9	3.0993098781882445e-9
97600.0	2.841601023075559e-9	3.0753911150754e-9
97700.0	2.819672561795347e-9	3.051656947540156e-9
97800.0	2.797913320297916e-9	3.02810594974075e-9
97900.0	2.7763219821856344e-9	3.0047367120187084e-9
98000.0	2.7548972606939705e-9	2.9815478275498645e-9
98100.0	2.733637865296454e-9	2.9585379057386252e-9
98200.0	2.7125425194260213e-9	2.9357055666665816e-9
98300.0	2.691609960288322e-9	2.9130494379627654e-9
98400.0	2.670838927851719e-9	2.8905681612330706e-9
98500.0	2.650228183307852e-9	2.868260384940152e-9
98600.0	2.629776481633398e-9	2.8461247723789318e-9
98700.0	2.609482599073186e-9	2.8241599930702922e-9
98800.0	2.5893453146285763e-9	2.8023647287709982e-9
98900.0	2.5693634263199195e-9	2.780737670944484e-9
99000.0	2.5495357323943864e-9	2.7592775234512797e-9
99100.0	2.5298610400420963e-9	2.737982996233449e-9
99200.0	2.5103381719256704e-9	2.7168528104545156e-9
99300.0	2.4909659585748426e-9	2.695885699253191e-9
99400.0	2.4717432307075017e-9	2.6750804035678198e-9
99500.0	2.4526688423151613e-9	2.6544356749242808e-9
99600.0	2.433741644331634e-9	2.633950272884149e-9
99700.0	2.4149605023378513e-9	2.6136229687903204e-9
99800.0	2.3963242853758392e-9	2.5934525416360203e-9
99900.0	2.3778318826929456e-9	2.573437781852557e-9
100000.0	2.3594821803016653e-9	2.553577487871465e-9
